0987
76545
1123

556644
34344
83465
8740
554877
43598
879
9789000
734333
977978
454
54625
242457
8784
25467
243528
24356
5321
2265
6059
4714
1447
chowed
1190
4462
3611
8321
4881
7219
8289
0526
8316
0158
3482
3903
9263
5707
4407
1138
1968
9868
1302
k9631
5328
3899
0776
6055
9767
9186
5852
6480
6482
7273
corncobs
5558
0360
8413
o0348
130
9865
0906
6275
5643
7493
0433
5289
0689
6336
6442
9113
2012
7726
9914
7120
9684
5679t
0304
9434
3303
1232
5566
2968
1079
2248
4089
0559
8995
4932
7296
8773
1295
7551
5615
comprised
7499
6427
4023
9880
8999
5728
2w646
2957
7422
0437
8771
1043
8138
3662
6743
5906
6139
8708
6323
7345
20
2411
3089
8841
7801y
3976
2242
6198
9770
6061
74450420
7257
3930045
n6959
4q537
1v335
9368
1911
2373
328b
6175
0584
5185
g7294
0500
5095
8051
2856
1961
6132
1328
g1487
9h117
6375
r5292
4364
4605
5321
9089
6958
47a20
strangers
5362
2331
6341
4717
7785
6219
3863
d6224
9911
9942
1156

3087
411w3
924
5329
5820
1294
8425
allot
7942
0469
6227
1670
1780
1124
4602
3728
2w437
0420
3852
4781
5266
9b509
8436
8300
9206
6044
7246
0345
5262
3631
9749
3638
8865
9491
3916
6015
groins
riveter
9048
4244
1s933
8243
5401
9669
3640
554u6
1475
7828
3106
8830
2134
1276
2444
3537
676g7
8446
8352
3664
9891
5788
8056
7659
5596
5348
2149r
8954
4197
7265
heliotrope
5697
anaemia
7769
7836
1737
815
3658
1617
6075
9901
1758
4983
9705
0181
1539
barrio
3320
0992
9255
5149
4389
1036
7943
3049
1783
4357
3526
5807
8501k
1700
8008
6083
3993
1117
5429
5534
6746
1722
2994
4925
8804
6701
9d556
7478
4454
2953
9899
0605
2966
1034
3402
7824

5733
0886
6859
0420
0321
3475
1322
9339
6866
4266
695e8
8589
6349065
3396
repeaters
6991
2679
6420
2768
rebutting
7092
62k37
0281
1968
4191
3870
1073
6902
2197
4643
1359
1298
864650
2738
6873
5978
2319
3120
8267
6661
1921
2694
7987
1553
2465
6720293
9960
7041
3682
07685
5263
8973
403
0012
6420
3369
6675
6668
1236
4644
1645
9875
8122
7811
7914
8476
6343

1015
9934
9679
5550
6980
5071
03p10
6988
n4458
0216
9444
6631
4665
4574
1685
1139
5351
commissariats
2804
9012
8133
1969
7293
2830
9150o
overrules
8892
4828
5056
525v8
8927
8294
9767
6350
3156
3050
12v32
5624
4112
24897
0785
7u668
0631
5259
3608
7708
0820
5451
8063
3570
6095
9791
3886
8179
4285
2s153
1019
2738
0433
6456
0050
5395
7275
3027
7147
3191
4665
4103
5155
2952
3549
4026
5449m
4865
9671
9775
2430
4540
3007
8842
25844
6088
6754
7p706
q6427
31278
6405
6906
2867
5070
0129
0323
2222d
86x75
4187
91292994
5483
2386w
4976
0217
5760
u1578
23
8236
1376
5499
6969
1590
7057
d0266
4315
7319
5366
5736
1266
2847w
8284
3048j
4818
1151
5952
4106
5702
5489
6143
7761
5f574
10z10
1622
6249
8356
4723
1447
3499
7717
7262
2890
3274p
721p5
6319
8016
5958
0996
0041
559n9
0219
5550
8220
084871721
1659
3484
0131
blinkering
0017
9148
9938
8243
1515
0005
0082
4040
5141
5779

5429
5914
9258
0622
2859
7588
1204
1242
3140
9745
52l74
75v21
7154
9398
0445
8r650
171n4
1265
1813
1t157
0925
6126
0909
8790
7130
7871
6366
4480
7624
invitational

3690
0655
672477
8400
7129
8055
7233
deceivers
7215z
7g737
7807
9097
9975
7747
8047
8399
0421
6929
9275
d4949
8458
8963
7016
8314
4563
7079
6690
8749
4441
7000
1134
9168
2960
7954
0929
3944
6568
3462
7041
9318
2128
6656
2726
4651
0358
7322
4044
9124
splashier
6999
0a266
6w943
1616
1692
4101
6441
2796
6396
3466
9240
9947
6331
1979
6525
8669
8054
1409
4084
9817
5235
9143
3483
5599
9997
1522
6975
9550
7736
9224
8978
6969
9945
4596
4578
8345
50
9925
7412
9387
8793
0161
7988
1206
0635
2280
1861
2971
8940
2278
8434
9474
2874
8915
4169
7946
4315
2863
3842
0820i
5959
2193
085
6443
2950
1853
5011
r1231
7055
4529
2153
3650
4168
9l534
7980
3160
4759
0041
5491
6481

2315
0153
2925
2199
8755
2750
8917
8192
1927
6u212
4666
1478
8574
0860
6629
3303
564r2
5735

3864
1554
2323
3065
7537
8469
1201
6737
5193
6367
0m236
0166
9869
8711
5407
1175
2975
8308
3378
0239
3549
2776
6917
6888
8296
409041368
2565
7325

1880
5121
258j4
5848
8377
4116
9863
7848
1218
4220
1257
9408
2562
0107
14
1532
6757
9591
322249
7204
0721
3088
3076
1459
releasable
2512
5930
1661
4864
0105
0681
07036345
2527
6522
0407
8826