1234
1221
34543
434343
1
554434455
98089
A33A

66
45
345
12433421
Nope
878787
01100110
934439
854458
notanumber
4
888
001100
93497234
123456654321
89899898
45459898
3AA3
3A3
977430214353663534120349779
3696630110366963
907914734449686686944437419709
9916099241910561015555101650191429906199
502673376205
766667
691493919919394196
98722789
67229910019398779222297789391001992276
611116
90982955928909
1467473119417718817h71491137476411467473119417h7188177149113747641
694287941149782496
4661069977777s799601664466106997s7777799601664
941785277357834152214387533772587149
539407704935
7576931829747887479281396757
65955053472780454d300345408727435055956659550534727804543003d45408727435055956
629500592646
31542353936656400465663935324513
564156633835453354538336651465
41828114
86667911976668
226
67631097955979013676
641632236146
601462582602206285264106
8405511508
972908715517809279
448109563638954459836365901844
994
1561151
548738878878837845
3269994224999623
4418444481454
46170975788757907164
906940333516704556655407615333049609
583316836857758638613385
91766719
27847612246844864221674872
3485348557667558435843
999768766614416667867999
60404364260055755755006246340406
21419199191412
145994
16900961
192489724579413788731475427984291
435120021534
357013923741188686881147329310753
762607706r267762r607706267
96968134031061308599580316013043186969
84652430758101813663181018570425648
6921044178404369225995229634048714401296
7475896317997136985747
6w3216776123663216776123w6
2229
498221763370248521125842073367122894
20388302
73077037
2034452195279119725912544302
219317021120713912
7666940352234224322530496667
452641623988932614254
00109736488463790100
9229
6577202319889132027756
6886
430160544445061034
77836m01088012966921088010638777783601088012966921088010m63877
5638715601221065178365
1259672690989384420550244839890962769521
s84335060689430134824428431034986060533488433506068943013482442843103498606053348s
141276815400454186721941
6908821944884491288096
21470363855466744766455836307412
50726570059132113299231123195007562705
435635594495536534
568322431025743094490347520134223865
1081796557908888097556971801
043877778340
5281384765544932662394455674831825
706858586702484484207v685858607706858586v702484484207685858607
07399307110199101170399370
574280082475
3608053718328118238173508063
30330544411444503303
79956444465997
44
28934144727300372744143982
31705425222g252450713317054252g22252450713
17023586236370076534435670073632685320710
0778778770
4063425445243604
30534275227122172257243503
069188588588185960
900151569117400471196551009
06000060
716438834617
274942970965569079249472
363350378873053363
35055053
36608586965847415676116765147485696580663
85872449638732955923783694427858
11733789276972199127967298733711
0220660220
1351111x531135x1111531
51822815
995945871310004400013178549599
798247910019742897
70656541934l499577599443914565607706565419344995775994l43914565607
404237476896698674732404
4169204029614
55681544518655
04750788705740
9146877861
605532805784517715487508235506
022419904837614237732416738409914220
5801576877866751085
0220
664640103636531210012135636301046466
846535029166570555555075661920535648
1887329371053732266422373501739237881
7062349296899827117289986929432607
92816954311224522542211345961829
343347756657743343xx343347756657743343
42268899886224
2581648211452434004342541128461852
57302691477900977419620375vv57302691477900977419620375
46298744789264
79744797
80603890522509830608
690993450541366268862663145054399096
617647773713317377746716
869212804008800408212968
60748388n384706607483n88384706
1349693153553513969431
5341500110051435
22821398813349733794331889312822
7327802230872317
3302029384664839202033
73566537
84699162185775677657758126199648
51403736613663759788795736631663730415
7710770177
06949634302264033046220343694960
1874233021528249487337849428251203324781
52914623449372755727394432641925
137731
334947920953326737737623359029749433
7093177117713907
44
47060487651824299242815678406074
8118
408725665127804
22328923399799799332982322
70755707
05040748752889828711782898825784704050
0246199460990649916420
64594755749546
07008911216653701799721075661211980070
35606488460653
213450368573712217375863054312
2557924415555144297552
117102786270835080080538072687201711
1276664081525445251804666721
295737299130816618031992737592
264462
41192741172114
162133291161161192331261
07148242621411412624284170
823328
895598
97405582751630288000088203615i728550479974055827i51630288000088203615728550479
78z96999969877896999969z87
55955143624036003233230063042634155955
0728888270
24386111168342
3108154800841013
11
433042590909432212212234900952403304
69838547553851588515835574583896
1856446581
96701750966727674411447672766905710769
17169636985801881208589636966171
70802976464023244232046467920807
99119913823872888827832831991199
9561308179923003299718031659
8274884728
0008
727431954730602237p7773220603745913472772743195473060223777p732206037459134727
91311319
3422827867787282243
1508819058950770598509h188051150881h9058950770598509188051
55
5586733988793826291001926283978893376855
805736942402763367204249637508
147741
34730984947777766777774948903743
54240272332720245
386185214s254452412581683386185214254452s412581683
6535943883495356
45228656185611327122172311658165682254
77075968731525555552513786957077
666088066
167567319588577861168775885913765761
0181735761970711707916753718e1001e8173576197071170791675371810
3020440203
9410700440070149
79t003755730097790037557300t97
06823343641000014634332860
867380083768
905161466416150099
15151
808308841865568148803808
3781365976886795631873
361e94734234432437491633619473423443243749e163
23690187200278106963
098145541890
00506235995326500
21800812
7e77e7
t84488448t
2197622062038415172882715148302602267912
57745605521932822829125506544775
646574177864468771475646
5115
597726762267627795
200002
551155
80901966909208
110011
281300183060241624554261420603x8100318228130018x306024162455426142060381003182
1339795055059f7933113397f9505505979331
507726131612642246216131627705
53522535
813238848402204848832318
2642284351561771651534822462
9119
6076372943243038338303423492736706
806169298719917892961608
337612815242314353353413242518216733
710405504017
6823612196500845775480056912163286
879295392372502145077054120527329359c29788792c953923725021450770541205273293592978
9508558059
172271
9119
190105577186685227588572258668177550091
498426003553500624894
155
742931956161880471174088161659139247
86386409711790468368
5266659682754457286956662
36226x33x62263
620026
22560309061039577593016090306522
397004037410014730400793
6555484630329779230364845556
40850468021666612086405804
0198299943993499928910
33
9669
8082557828090086146776416800908287552808
840048
566148878744092231612216132230447878841665
4817007184
8698y89688698y8968
277969483859958384969772
678967769876
82933928
6000848902064444602098480006
2733940419836666389140493372
359950980618195591816089059953
46060220871936644663917802o206064460602o20871936644663917802206064
943837092937097790739290738349
1156003300062511
3472442743
9005222b2500990052b2225009
5101143025775203411015
2208668020
7158012585509146526776256419055852108517
8710956042429511512552151159242406590178ff8710956042429511512552151159242406590178
97394549833894549379
0659858668589560
929465412f800323911119323008214564929929465412800323911119323008f214564929
87976238934088730037880439826798
236414173371414632
610w016610w016
9135221226886221225319
80031946317713649113008
22666399366622
w6666w
010302662039010
9023288180110818273209
3616447002535653003565352007446163
6484
44
726506781311187605627
59633003766730t033695596330t03766730033695
86288268
8126776218
36595459471211217495459563
52871222217825
2562964884692652
74089151117124696722769642171115198047
9492
99274110389286909991199096829830114729
175571
8363227520924646116464290257223638
4563978448793654
4217028010299559920108207124
4444
23041544037196577569173044514032
6330992354862992684532990336
512460419303082280303914064215
810v1101881011v018
608492323294806
384919078505722227505870919483
9373346000585190865665680915850006433739
4527282282882822827254
28068466057477475066486082
460344443064
1891377773f19811891f3777731981
23846133164832
991948521748705507847125849199
4977101757200275710177094
822729635539918118199353927228
693754245035530542457396
275728088082765722
886437596356653695734688
88488488
4793542008558002453974
00400400
2362066338158901107997011098518336602632
11
76162255226167
6337171221717336
6310758011925309710660179035291108570136
8152297311441137922518
00321004993744488444739940012300
873785587378
616815221805c8850812251861661681522180588c508122518616
8213934533251441523354393128
5152069540079388661991668839700459602515
96808114098477489041180869
55283188382955
46399364
83855838
440376607706673044
860870190621775577126j091078068860870190j621775577126091078068
610963563443344365369016
91788460899200744700299806488719
5282598207902992097028952825
8010569279700668228660079729650108
711681292292186117
42479974240
819066949220022949660918
6226
8140550418
7476335008933460990643398005336747
103167714456654417761301
82919625255252691928
4913094030880304903194
9674977558338557794769
21297673066037679212
717662229043443480922266717
76116071744085033058044717061167
42621173022037112624
34835747441939622693914474753843
11191011019111
69264181184629
1758384397436026v120000216206347934838571175838439743602612000021v6206347934838571
74592814101908088080910141829547
9430660349
2034738031323207702732313083764302
90425607044i070652409904256070i44070652409
352175205039626626930502571253
3231212323
55301328455482313155
016936648433032230334846639610
32799155199723
2293883922
21722712
209976418814679902
918183177138187179
87512470195572933927559107421578
3130767459488668849547670313
3975015649556811441186559465105793
26794916795436175100171763459761949762
0330
01392297838029454777745492083879229310
2648841980826411661146280891488462
3128047262112627408213
3867o76833867o7683
7986886897
96778062805666650826087769
04405
9889
02311991213083683200238638031219911320
0321399661332452999925423311669931230
458124774241854
031321507586506605685705123130
793397
091717970173371079717190
765746760942388883249067647567
163361
6425327337235246
4598241111428954
9206116029
8338
20899802
500005
07l5001188110057007500118811005l70
0168573576355189805225089815536753758610
04488055856116619721771279166116585508440
645553743085580347355546
41044564072830309900990303827046544014
207237402908914419809204732702
3317579963271653278998723517236997571033
09441433414490
5038228305
948849
0533890581891331981850983350
26131289784377348798213162
9690382330380554928998294550830332830969
5245548448455425
0735224595219779b125954225370073522459521b9779125954225370
778252191344114319125287
6153408049800053883500089408043516
5881993895754470l78448707445759839918855881993895754470784487l0744575983991885
4398298527675725665275767258928093
13108528055082580131
7633218989167478874761989812367
4836710171011228295445928221101710176384
322733
7272864396048840696934682727
46051688677472u86722768274776886150644605168867747286722768u27477688615064
2673443762
8811991188
5775
31088w2099028801331088209902w88013
978027881510576675015188720879
905781556970067245988942760079655187509
852935339880088933539258
1636526693663966256361
21796799769712
9630305864918819485030369
002171944285677658244917120
6323553236
445200535987789535002544
9144796886974419
204332
9607491037451885117711588154730147069
55658966985655
196691
77433195685512055021558659133477
459033330954
60944906
20444061147788774126044402
14199141
463000415135477788332233887774531514000434
26563775459671365975225795617695457736562
529758771121344x31211778579255297587711213x443121177857925
19229
780383802263362208383087
48211881128
0880
9449
2099559902
2186678745787874l462002644787875478766812218667874578787446200264l4787875478766812
32312265997789444498772956221323
72400494933949400427
6608926241551426298066
423245072671292367763292176270542324
181527725181
39055436921296345093
442621721705697890098796507127126244
619199991916
344443
584743646502925646347485
048616616840
76392800225697589911998579652200829367
274866075115706681472
0776556770
4842019436090633609063490284
3598270947081025191881915201807490728953
094992299490
38147547641551922915514674574183
5814642609586396116936985962464185
172852457754258271
6738924080026804298376
585050443900850058009344050585
55
039954718911981176459930
95567268616416944961461686276559
900
1884110932709907239114881
34888843aa34888843
15528841977914882551
20792900420158131444413185102400929702
087164700670447422224744076007461780
8161437887341618
95158785217800871258785159
64633646
95563244236559
265822720971341796697143179027228562
112439799744179979347211
3494416938283952772593828396144943
2073407310293343499669943433920137043702
5421633553361245
4235952467218558127642595324
247406758130y1684486103185760474224740675813016844861y031857604742
164512200967557669002215461
789987
6772940058448500492776
892112232410014232211298
66
92561734783868622686838743716529
62574422447526
126621
68799786
16442600624461
2662
326044409623
45811749667729955992776694711854
44
80166978500522500587966108
474500547
2112
169688236015510632886961
33
p308803308803p
583196138338319385
96674106413485433355333458431460147669
21622748895660066959884722612
236632
0853603377704664077733063580
93748583993400338940049830043938584739
381704407183
882244953580344177144308535944228
3921227344334437221293
74277611455411677247
57926877862975
095590
76003028902209820300637
27284015378322387351048272
01463580036844377344863008536410
4994
436607706634
97473850266205837479
5498473773336049339406333773748945
4358839669388534
43755907393309899890339370955734
g0000g
0533313993133350
3553
61698009497739100193779490089616
2744472
249981657756188942
862349487649391011019394678494368
917886059950688719
055982063547769102e8820196774536028955005598206354776910288e201967745360289550
8394589261805562265081629854938
3705712863993682175073
835702971444353353444179207538
7075665707
676726108184411448180176297676
172271
534823694576675496328435
92224767466476742229
1904664091cc1904664091
88929618994944949981692988
55
90777709
617716
43969483655638496934
8060253006720734372332734370276003520608
545153399867259484484952768993351545
382589443879266297830444985283
50620655760205
709907
37594154925795289911998259752945149573
44
416734235703552692145541296255307324378614
00350084204577300377540248005300
0884774880
366175574424424475571663
439475313313574934
9911551199
0983612166417818778187146612163890
109568338685901
2772
970569667551576740047675155766965079
7258694971660038338300661794968527
53522535
33609134032588754433445788523043190633
9119
0798518879669788158970
99
0493j13142326226232413139400493131423262262324131j3940
8132231
919822717878048915519840878717228919
301970079103
4911661194
6776qq6776
g5555g
78857135421077012453175887
00
234720604863368406027432
6882056464967764994677694646502886
913567373707685586685586707373765319
916062346116432690619
063970901109079360
15665266699666256651
880741181370671176073181147088
35445644654453
5005
84604252950787199178705925240648
48290958274612817588571821647285909284
77
79900v997799v00997
321458930978879039854123
8601175460434554340645711068
940797751343573190091375343157797049
52829262620537002555520073502626292825
232183929272119000000911272929381232
2116364308319078558709138034636112
597095952879125089980521978259590795
862127007261357953359753162700721268
406285161268926629862161582604
23076729743554955945534792767032
68366997802660044006620879966386
935690096539
067577312287144440044441782213775760
4572566062012772102606527544
593130482583385284031395
180717424267762424717081
286682
044005857982286958500440
857023320758
20178243156213664433446631265134287102
5019044354189779814534409105
29610243525835944666644953852534201e692296e10243525835944666644953852534201692
35698711296160747721127747061692411789653
252651978295787787592879156c252252c651978295787787592879156252
17177171
33131601877810613133
4554
78411366311487
984916039427724930619489
17530529996362195446644591263069992503571
4299264
799619468889322223988864916997
2222273344308110102332010118034433722222
133879009641146900978331
483384kk483384
7o77o7
62542132188123124526
90645529800892554609
602750h3645740546059950645047546305720660275036457405460599506450475463h057206
648459031990099130954846
995818673899837618599
96604635167854946255264945876153640669
145255552541
956527725659
0862748352662538472680
976845471339657756933174548679
1682486500141741512215147146100568042861
23513964822846931532
964469
8006446008
103301
8508504401374984188448814894731044058058
6706583720229605659449565069220273856076
9339083363297767158668517677923643389339
88126629188
934788895941158851149598887439
v51602206155160220615v
815011122667766221110518
357106346646085610016580646643601753
05317011071350
39089547710144101774598093
6249999426
1441
64199518039409000090493081599146
7196707927892523486446843252987297076917
622149963092290369941226
389695596983
2332
93065576606932388323960667556039
5247667425
58036685
8366298892638
977249159775577951942779
45800544000854
206891427981412214189724198602
4020220204
82618448116228
5730990375
74040786687041047
650373373056
43572981524864690100109646842518927534
25053274083223804723552
544400004445
6226
55
10119369033096391101
1057285277088077b2582750110572852b7708807725827501
57277888778591024911942019587788877275
55
92552
21600872955927800612
239548386683845932
27151988a21299212889151722715198821299212a88915172
0387777830
721101301892552981031127
946519915649
015412214510
25637752362119669166196691126325773652
5613170659779560711657
64687761598055089516778646
057871451272637362263736272154178750
11
48806511560884
5250246540339779330456420525
0608062992608060
4887227884qq4887227884
6876623113266786
530035
7226213993126227
790950355553059097
002741631382901045540109283136147200
20154430725522222254527031445102
9943617323806996083237163499
10946576933967564901
75l1000015775100001l57
2605048224017539633883369357104228405062
30727843504889566598840534872703
9425828967290110927698285249
867700007768
51871094656772545005452776564901781b55b18710946567725450054527765649017815
7280488118448570255207584448118840827
9927242723317447133272427299
9297870966598998956690787929
8071254664521708
888888
47580656588565608574
88
36808019993594301306886031034953999100863
029316330400403361390